647,36
647,35
364,3
14,23
482,1
482,3
361,1
361,3
360,1
360,3
14,9
546,1
546,3
545,1
545,3
351,14
351,13
351,12
351,11
351,10
351,8
352,1
352,3
351,7
351,1
351,9
351,3
14,24
14,8
549,4
533,4
539,1
539,3
533,1
533,3
0,467
549,1
549,3
14,67
13,5
0,478
0,454
10,195
10,205
10,87
10,81
10,107
10,197
10,127
10,281
11,22
11,27
11,16
11,20
11,6
11,28
11,23
11,11
9,5
8,8
8,15
8,14
8,13
389,6
389,5
389,4
389,3
389,1
20,3
20,2
20,1
19,3
19,2
19,1
18,3
18,1
14,64
12,3
12,2
12,1
11,26
11,25
11,17
11,15
11,14
11,9
11,8
11,4
11,3
11,2
11,1
10,286
10,264
10,170
10,162
10,144
10,102
10,24
10,16
10,3
10,2
10,1
9,7
9,6
9,4
9,3
9,2
9,1
8,17
8,9
8,6
8,4
8,3
8,2
8,1
3,3
3,2
3,1
2,3
2,2
2,1
0,719
0,505
0,416
0,0
14,11
13,1
13,4
13,3
364,6
364,1
364,5
0,459
0,494
329,12
329,1
329,7
14,1
14,5
0,487
14,3
0,9
647,34
647,33
647,32
647,31
647,30
647,29
647,28
647,27
647,26
647,25
647,24
647,23
647,22
647,21
647,20
647,19
647,18
647,17
647,16
647,15
647,14
647,13
647,12
647,11
647,10
647,9
647,8
647,7
647,6
647,5
647,4
647,3
647,2
647,0
0,461
0,451
0,503
0,471
0,443
0,442
0,276
0,448
0,446
0,275
0,272
0,271
0,457
0,12
0,447
0,10
0,469
0,8
0,481
0,385
0,268
0,739
0,384
0,267
